0 43.56 40.10 11.68 3.64 0.93 0.09 0.00 1150834
1 13.69 10.16 15.38 23.97 26.67 9.92 0.20 8927
2 5.69 5.84 5.69 16.02 39.82 26.50 0.45 668
3 8.78 5.77 5.54 12.47 34.18 31.87 1.39 433
4 10.50 7.00 5.25 13.41 31.49 31.49 0.87 343
5 15.34 10.62 6.49 12.98 27.73 24.78 2.06 339
6 29.26 11.62 7.46 7.46 19.93 23.16 1.10 1179
7 8.25 7.22 8.25 0.00 21.65 52.58 2.06 97
8 15.07 12.33 4.11 8.22 17.81 41.10 1.37 73
9 20.45 4.55 6.82 2.27 29.55 36.36 0.00 44
10 22.45 6.12 6.12 8.16 28.57 26.53 2.04 49
11 57.21 14.42 3.26 3.72 7.91 13.02 0.47 215
