0 0.27372262773722627737 8.8503649635036496 39.2335766423357664 25.4866180048661800 13.6861313868613139 6.5997566909975669 3.4519464720194647 2.0072992700729927 0.25851581508515815085 0.15206812652068126521 6576
1 0.66481444731097439968 6.0825560627108553 39.7499503869815440 26.2948997817027188 13.7924191307799167 7.0549712244492955 4.1674935503076007 1.60746179797578884699 0.39690414764834292518 0.18852947013296288946 10078
2 0.56639395846444304594 3.9108154274925829 39.4677694866492853 27.7263328238784501 14.4205699901105817 7.3091791782792412 4.2254787377506069 1.9419221433066619 0.22475950732715993887 0.20677874674098714376 11123
3 0.57639227147264166261 3.0037343724630622 37.8551712940412405 31.2226010716025329 14.3610975807761000 6.9897710667316123 3.6531904529956162 1.7291768144179250 0.39779184932618931645 0.21107322617308004546 12318
4 0.63853762363841242018 2.7920370602228622 38.3623388005508952 30.8626518091899336 15.2372605483911356 6.2163515713033680 3.7185426317766370 1.6526856141229498 0.34430950294228120696 0.17528483786152497809 15974
5 0.59885931558935361217 1.7395437262357414 37.3574144486692015 33.0133079847908745 14.5722433460076046 6.7015209125475285 3.6549429657794677 1.7110266159695817 0.44201520912547528517 0.20912547528517110266 21040
6 0.58347225529888068588 0.90100817654997221561 35.0797809002143367 34.8813209494324045 15.6029213304755100 7.0691434468524252 3.6635706914344685 1.8059855521155831 0.28975152814162102088 0.12304516948479796777 25194
7 0.57573503250638807129 0.55956270013261312546 32.1603001584888573 36.9537794740757512 16.1238153766536210 7.5298379532296148 3.7843257754633373 1.8565837565093638 0.33961897984927386228 0.11644079309117960992 30917
8 0.49038662799390006877 0.55018987531022934545 26.4958287234996860 39.9455790449421404 17.6628890948778519 8.0106449780223066 4.3476960798971384 2.0452710582184613 0.34685883443470980474 0.10465568280357623419 33443
9 0.42302843535509174954 0.67516458887799411682 21.4707942288835971 43.5215016108698697 18.6692814119624597 8.4913853480879675 4.2246813279170752 1.9918756128309287 0.43143297380585516179 0.10085446140916094691 35695
10 0.08669046404895461499 0.77511473737888832228 17.4834268230494646 44.6889342172361040 20.0229474757776645 9.4059153493115757 4.8164201937786843 2.1902090770015298 0.45639979602243753187 0.07394186639469658338 39220
11 0.04067912732566852934 0.80930053311066863639 14.3062067784272165 45.5306485109298392 21.4935662748624403 10.1911918984306421 5.0185197079666859 2.0831995204144989 0.43034234697154602094 0.09634530156079388528 46707
12 0.61776610097280409004 0.73137825747354966981 13.0440957182418519 48.0082368813463041 21.2454732656394234 9.2735922743733579 4.5728892991550096 1.9953134985443442 0.43314634665909252290 0.07810835759426258610 14083
13 0.58059165053912081836 0.59441526126624274260 8.2526956040917888 49.4608791816422450 24.2051423831904894 9.8493226430743710 4.4304672380425767 2.1979541056123860 0.33867846281448714404 0.08985346972629250760 14468
14 0.62804649418822647169 0.56711661042369703787 6.5194975628046494 48.0455568053993251 26.0545556805399325 10.7189726284214473 4.7759655043119610 2.1794150731158605 0.40307461567304086989 0.10779902512185976753 21336
15 0.18353612942695941812 0.47130265334330319715 2.8346135544830399 45.2994357963428727 33.0297056624294745 11.1186640382480230 4.6495819454829719 1.8920082477964335 0.39652867468787528607 0.12462329775904651848 44133
16 0.04189899120121184775 0.33196893028652463983 1.9885905823959777 48.2418538692106875 32.4459341863538209 10.3780578206078577 4.2124601153833758 1.8081026202984497 0.45121990524381989880 0.09991297901827440616 31027
17 0.06592682122843643556 0.37358532029447313482 0.39556092737061861334 48.0606526755301615 38.1936050983408417 8.8232062410724096 2.6590484562136029 1.0438413361169102 0.32963410614218217778 0.05493901769036369630 9101
18 0.08512449457331347095 0.42562247286656735476 0.31921685464992551607 45.3287933602894233 42.9027452649499894 7.5335177697382422 2.2770802298361353 0.78740157480314960630 0.21281123643328367738 0.12768674185997020643 4699
19 0.00000000000000000000 0.42507970244420828905 0.21253985122210414453 36.3974495217853348 51.7534537725823592 8.4484590860786397 1.7534537725823592 0.90329436769394261424 0.05313496280552603613 0.05313496280552603613 1882
20 0.11587485515643105446 0.11587485515643105446 0.34762456546929316338 27.4623406720741599 59.5596755504055620 10.4287369640787949 1.2746234067207416 0.46349942062572421784 0.11587485515643105446 0.11587485515643105446 863
