0 0.18052351820278808545 5.8369270885568148 25.8750376090662922 16.8087453615484906 9.0261759101394043 4.3526226055561127 2.2766021462240497 1.3238391334871126 0.17049443385818874737 0.10029084344599338080 34.0487413499147528 9971
1 0.43192367199587416194 3.9517792676637442 25.8251676121712223 17.0835482207323363 8.9608045384218669 4.5835482207323363 2.7075812274368231 1.04435275915420319752 0.25786487880350696235 0.12248581743166580712 35.0309437854564208 15512
2 0.33030986210874010381 2.2807109526555864 23.0168300739264929 16.1694542022754679 8.4097939495622084 4.2625701253080271 2.4642164316048865 1.1324909558013946 0.13107534210664289834 0.12058931473811146647 41.6819587899124417 19073
3 0.33046311380032580870 1.7221317198045148 21.7035140795904119 17.9008610658599023 8.2336513846869909 4.0074470560856411 2.0944845240865720 0.99138934140097742611 0.22806609262276006516 0.12101466139166860600 42.6669769606702350 21485
4 0.42084416388166852333 1.8401617361884722 25.2836572183025952 20.3408012542806453 10.0424970087056979 4.0970417130833024 2.4507983661344226 1.08924371828196558980 0.22692577464207616454 0.11552584890869332013 34.0925031975904609 24237
5 0.39534372940918075994 1.14837940447428696935 24.6619183583822284 21.7941074958426155 9.6200307489567318 4.4240845910074990 2.4128518088544445 1.12955351259765931411 0.29180132408772865615 0.13805654042860280506 33.9838724859590223 31871
6 0.37699074192803836586 0.58215577154873951735 22.6656066473469597 22.5373785038340215 10.0812966429872028 4.5674864719308594 2.3670915292488395 1.1668761059677378 0.18721308952888980073 0.07950144897802169620 35.3884030467006899 38993
7 0.31250000000000000000 0.30372191011235955056 17.4561095505617978 20.0579353932584270 8.7517556179775281 4.0870786516853933 2.0540730337078652 1.00772471910112359551 0.18433988764044943820 0.06320224719101123596 45.7215589887640449 56960
8 0.21538138264341248161 0.24164740491699936962 11.6371611683126707 17.5443895776423618 7.7576696785038874 3.5183336835469636 1.9095398192897668 0.89829796175667156966 0.15234292918680395041 0.04596553897877705400 56.0792708552216852 76144
9 0.28139092840371212404 0.44910737579665312512 14.2819872535499981 28.9497223361037606 12.4184711714062092 5.6483172449778242 2.8101822518728337 1.3249599344042339 0.28698147665014349074 0.06708657895717640043 33.4817934478774552 53662
10 0.05487145554605167600 0.49061536723528557365 11.0662814905669512 28.2862353339896390 12.6736923647983474 5.9535529267466068 3.0485935154850475 1.3863111857075997 0.28888207478656617659 0.04680212384810290012 36.7041621612898020 61963
11 0.02547702374726792443 0.50685868297196186492 8.9598669831181195 28.5154940531262990 13.4612548104643523 6.3826648966839642 3.1430601928208429 1.3046917950574574 0.26952009332636067420 0.06034031940142403154 37.3707711492819502 74577
12 0.08712807827506434459 0.10315163290036353440 1.8397043654171632 6.7709533013529889 2.9964047149309485 1.3079226462900464 0.64494807366829238981 0.28141367810681702102 0.06108980200895316115 0.01101619380489319299 85.8962675132444694 99853
13 0.08145533532446375238 0.08339474807028431791 1.1578294092548776 6.9392188045459835 3.3959117179318102 1.3818315813971529 0.62158178503549125325 0.30836662658546991971 0.04751561227260385555 0.01260618284783367596 85.9702881967340289 103124
14 0.08890245277886510048 0.08027758795703490416 0.92286053593583100573 6.8010376375831802 3.6881248880426201 1.5173127575019738 0.67605671180345923424 0.30850478016546471435 0.05705679805210745255 0.01525937622323803963 85.8446064739562255 150727
15 0.05891894644195028987 0.15129803530772420114 0.90997039504789892127 14.5420688551539530 10.6032281763494985 3.5693243233413589 1.4926133098627407 0.60737432443245051900 0.12729402009063334230 0.04000669202848476472 67.8979029219433069 137477
16 0.01422412849858852879 0.11269886425804757424 0.67509902181762478937 16.3774427205286999 11.0149462765608246 3.5232072127273125 1.4300719959734775 0.61382585290062804998 0.15318292229249184848 0.03391907565048033788 66.0513819287918244 91394
17 0.02153238830073568993 0.12201686703750224296 0.12919432980441413960 15.6971110712363180 12.4744302888928764 2.8817513009151265 0.86847299479633949399 0.34092948142831509062 0.10766194150367844967 0.01794365691727974161 67.3389556791674143 27865
18 0.01306591755406023388 0.06532958777030116940 0.04899719082772587705 6.9576010975370745 6.5852224472463579 1.15633370353433069837 0.34951329457111125629 0.12085973737505716339 0.03266479388515058470 0.01959887633109035082 84.6508133533677402 30614
19 0.000000000000000000000000 0.03053085524558256688 0.01526542762279128344 2.6142044804030073 3.7171316261496775 0.60680074800595351677 0.12593977788802808839 0.06487806739686295462 0.00381635690569782086 0.00381635690569782086 92.8176163034767011 26203
20 0.00359492396735809038 0.00359492396735809038 0.01078477190207427113 0.85199698026386741920 1.8477909192220585 0.32354315706222813387 0.03954416364093899414 0.01437969586943236151 0.00359492396735809038 0.00359492396735809038 96.8975806161699680 27817
