0 0.23234200743494423792 6.9702602230483271 40.0557620817843866 26.5799256505576208 14.8234200743494424 6.0873605947955390 3.3457249070631970 1.6263940520446097 0.09293680297397769517 0.18587360594795539033 2152
1 0.22321428571428571429 5.8035714285714286 40.4017857142857143 31.0267857142857143 12.9464285714285714 5.5803571428571429 2.6785714285714286 0.66964285714285714286 0.44642857142857142857 0.22321428571428571429 448
2 0.48780487804878048780 2.6829268292682927 34.1463414634146341 35.1219512195121951 16.8292682926829268 6.3414634146341463 3.4146341463414634 0.73170731707317073171 0.00000000000000000000 0.24390243902439024390 410
3 0.00000000000000000000 3.0303030303030303 34.4352617079889807 39.3939393939393939 12.9476584022038567 4.9586776859504132 3.3057851239669421 1.6528925619834711 0.00000000000000000000 0.27548209366391184573 363
4 0.71428571428571428571 2.3809523809523810 32.8571428571428571 37.1428571428571429 18.3333333333333333 4.5238095238095238 2.8571428571428571 0.95238095238095238095 0.00000000000000000000 0.23809523809523809524 420
5 0.65075921908893709328 1.9522776572668113 35.7917570498915401 39.6963123644251627 14.3167028199566161 4.7722342733188720 1.7353579175704989 0.86767895878524945770 0.00000000000000000000 0.21691973969631236443 461
6 0.39682539682539682540 0.59523809523809523810 34.1269841269841270 39.0873015873015873 17.0634920634920635 4.5634920634920635 2.3809523809523810 1.3888888888888889 0.00000000000000000000 0.39682539682539682540 504
7 0.50083472454090150250 0.33388981636060100167 30.5509181969949917 45.4090150250417362 17.0283806343906511 3.6727879799666110 0.66777963272120200334 1.0016694490818030 0.16694490818030050083 0.66777963272120200334 599
8 1.0948905109489051 0.18248175182481751825 27.1897810218978102 46.1678832116788321 17.7007299270072993 5.2919708029197080 1.4598540145985401 0.91240875912408759124 0.00000000000000000000 0.00000000000000000000 548
9 0.17921146953405017921 0.17921146953405017921 18.4587813620071685 52.6881720430107527 20.7885304659498208 4.6594982078853047 1.9713261648745520 0.89605734767025089606 0.17921146953405017921 0.00000000000000000000 558
10 0.41152263374485596708 0.82304526748971193416 14.8148148148148148 53.4979423868312757 21.6049382716049383 4.7325102880658436 2.2633744855967078 1.2345679012345679 0.00000000000000000000 0.61728395061728395062 486
11 0.20491803278688524590 0.20491803278688524590 11.4754098360655738 53.0737704918032787 26.2295081967213115 5.9426229508196721 1.6393442622950820 0.61475409836065573770 0.20491803278688524590 0.40983606557377049180 488
12 0.00000000000000000000 0.56179775280898876404 10.3932584269662921 57.0224719101123596 21.9101123595505618 6.7415730337078652 1.4044943820224719 1.6853932584269663 0.00000000000000000000 0.28089887640449438202 356
13 0.25125628140703517588 0.50251256281407035176 5.5276381909547739 60.3015075376884422 24.8743718592964824 4.7738693467336683 2.0100502512562814 1.0050251256281407 0.25125628140703517588 0.50251256281407035176 398
14 0.37313432835820895522 0.55970149253731343284 2.6119402985074627 56.7164179104477612 30.2238805970149254 5.5970149253731343 1.6791044776119403 1.6791044776119403 0.37313432835820895522 0.18656716417910447761 536
15 0.00000000000000000000 0.37500000000000000000 1.7500000000000000 55.2500000000000000 31.5000000000000000 6.7500000000000000 2.1250000000000000 2.0000000000000000 0.12500000000000000000 0.12500000000000000000 800
16 0.16447368421052631579 0.00000000000000000000 0.65789473684210526316 55.2631578947368421 35.3618421052631579 6.4144736842105263 1.1513157894736842 0.82236842105263157895 0.16447368421052631579 0.00000000000000000000 608
17 0.00000000000000000000 0.00000000000000000000 0.27700831024930747922 55.1246537396121884 36.0110803324099723 7.2022160664819945 0.55401662049861495845 0.55401662049861495845 0.00000000000000000000 0.27700831024930747922 361
18 0.00000000000000000000 0.00000000000000000000 0.30211480362537764350 45.9214501510574018 44.7129909365558912 6.9486404833836858 1.2084592145015106 0.90634441087613293051 0.00000000000000000000 0.00000000000000000000 331
19 0.00000000000000000000 1.1627906976744186 0.00000000000000000000 37.5000000000000000 50.8720930232558140 7.5581395348837209 2.3255813953488372 0.58139534883720930233 0.00000000000000000000 0.00000000000000000000 344
20 0.00000000000000000000 0.56497175141242937853 0.00000000000000000000 25.9887005649717514 63.2768361581920904 8.4745762711864407 1.1299435028248588 0.00000000000000000000 0.56497175141242937853 0.00000000000000000000 177
