0 0.14671361502347417840 4.4014084507042254 25.2934272300469484 16.7840375586854460 9.3603286384976526 3.8438967136150235 2.1126760563380282 1.0269953051643192 0.05868544600938967136 0.11737089201877934272 36.8544600938967136 3408
1 0.12376237623762376238 3.2178217821782178 22.4009900990099010 17.2029702970297030 7.1782178217821782 3.0940594059405941 1.4851485148514851 0.37128712871287128713 0.24752475247524752475 0.12376237623762376238 44.5544554455445545 808
2 0.27739251040221914008 1.5256588072122053 19.4174757281553398 19.9722607489597781 9.5700416088765603 3.6061026352288488 1.9417475728155340 0.41608876560332871012 0.00000000000000000000 0.13869625520110957004 43.1345353675450763 721
3 0.00000000000000000000 1.7915309446254072 20.3583061889250814 23.2899022801302932 7.6547231270358306 2.9315960912052117 1.9543973941368078 0.97719869706840390879 0.00000000000000000000 0.16286644951140065147 40.8794788273615635 614
4 0.43165467625899280576 1.4388489208633094 19.8561151079136691 22.4460431654676259 11.0791366906474820 2.7338129496402878 1.7266187050359712 0.57553956834532374101 0.00000000000000000000 0.14388489208633093525 39.5683453237410072 695
5 0.41724617524339360223 1.2517385257301808 22.9485396383866481 25.4520166898470097 9.1794158553546592 3.0598052851182197 1.1126564673157163 0.55632823365785813630 0.00000000000000000000 0.13908205841446453408 35.8831710709318498 719
6 0.24330900243309002433 0.36496350364963503650 20.9245742092457421 23.9659367396593674 10.4622871046228710 2.7980535279805353 1.4598540145985401 0.85158150851581508516 0.00000000000000000000 0.24330900243309002433 38.6861313868613139 822
7 0.31250000000000000000 0.20833333333333333333 19.0625000000000000 28.3333333333333333 10.6250000000000000 2.2916666666666667 0.41666666666666666667 0.62500000000000000000 0.10416666666666666667 0.41666666666666666667 37.6041666666666667 960
8 0.60975609756097560976 0.10162601626016260163 15.1422764227642276 25.7113821138211382 9.8577235772357724 2.9471544715447154 0.81300813008130081301 0.50813008130081300813 0.00000000000000000000 0.00000000000000000000 44.3089430894308943 984
9 0.11111111111111111111 0.11111111111111111111 11.4444444444444444 32.6666666666666667 12.8888888888888889 2.8888888888888889 1.2222222222222222 0.55555555555555555556 0.11111111111111111111 0.00000000000000000000 38.0000000000000000 900
10 0.24360535931790499391 0.48721071863580998782 8.7697929354445798 31.6686967113276492 12.7892813641900122 2.8014616321559074 1.3398294762484775 0.73081607795371498173 0.00000000000000000000 0.36540803897685749086 40.8038976857490865 821
11 0.11834319526627218935 0.11834319526627218935 6.6272189349112426 30.6508875739644970 15.1479289940828402 3.4319526627218935 0.94674556213017751479 0.35502958579881656805 0.11834319526627218935 0.23668639053254437870 42.2485207100591716 845
12 0.00000000000000000000 0.19860973187686196624 3.6742800397219464 20.1588877855014896 7.7457795431976167 2.3833167825223436 0.49652432969215491559 0.59582919563058589871 0.00000000000000000000 0.09930486593843098312 64.6474677259185700 1007
13 0.09380863039399624765 0.18761726078799249531 2.0637898686679174 22.5140712945590994 9.2870544090056285 1.7823639774859287 0.75046904315196998124 0.37523452157598499062 0.09380863039399624765 0.18761726078799249531 62.6641651031894934 1066
14 0.14641288433382137628 0.21961932650073206442 1.0248901903367496 22.2547584187408492 11.8594436310395315 2.1961932650073206 0.65885797950219619327 0.65885797950219619327 0.14641288433382137628 0.07320644216691068814 60.7613469985358712 1366
15 0.00000000000000000000 0.18879798615481434865 0.88105726872246696035 27.8162366268093140 15.8590308370044053 3.3983637507866583 1.0698552548772813 1.0069225928256765 0.06293266205160478288 0.06293266205160478288 49.6538703587161737 1589
16 0.07423904974016332591 0.00000000000000000000 0.29695619896065330364 24.9443207126948775 15.9613956941351151 2.8953229398663697 0.51967334818114328137 0.37119524870081662955 0.07423904974016332591 0.00000000000000000000 54.8626577579806978 1347
17 0.00000000000000000000 0.00000000000000000000 0.14306151645207439199 28.4692417739628040 18.5979971387696710 3.7195994277539342 0.28612303290414878398 0.28612303290414878398 0.00000000000000000000 0.14306151645207439199 48.3547925608011445 699
18 0.00000000000000000000 0.00000000000000000000 0.13986013986013986014 21.2587412587412587 20.6993006993006993 3.2167832167832168 0.55944055944055944056 0.41958041958041958042 0.00000000000000000000 0.00000000000000000000 53.7062937062937063 715
19 0.00000000000000000000 0.57720057720057720058 0.00000000000000000000 18.6147186147186147 25.2525252525252525 3.7518037518037518 1.1544011544011544 0.28860028860028860029 0.00000000000000000000 0.00000000000000000000 50.3607503607503608 693
20 0.00000000000000000000 0.25773195876288659794 0.00000000000000000000 11.8556701030927835 28.8659793814432990 3.8659793814432990 0.51546391752577319588 0.00000000000000000000 0.25773195876288659794 0.00000000000000000000 54.3814432989690722 388
